164.05988294318632
136.43016834321705
131.6707735738471
129.54423381145608
128.9906677665738
126.51094776857364
123.79045559384308
123.20572168316936
116.274552955331
113.60035113782682
112.82733067998434
111.64281838239472
110.02254273624801
109.95964392037541
109.11215427122664
108.38928343101149
108.01071555930648
107.52925693719126
107.17241598621457
106.89491688317665
106.70898049400228
103.13923797446958
102.05143630857296
101.59310258136817
101.47600361035866
100.19745204873139
96.11203760061741
93.77578761185815
91.46562364159865
90.77048603491558
90.19458201089732
89.69347548480366
88.47477724451237
87.31112966194101
87.03307687374023
86.16609830884957
84.69156716048909
84.37679524758298
84.14499624818686
83.57765390671759
83.30256490510139
82.92442885058408
82.0932810358564
80.63289522339451
79.90133623079035
79.5444736329121
79.36818044540095
79.31954643231538
78.97004510905514
78.9475919717531
77.97944560388288
76.98291330404469
76.15343049179518
75.91931579291995
75.73819424681005
75.31568526729664
75.01171033696744
74.97472640925352
74.95644727410284
74.83994210326352
74.69345394138288
74.54722056504895
73.73409397322678
73.39492659701946
73.12086580498175
72.78720289686083
72.48096733491934
72.34788481978745
71.0746166405946
71.01372903966725
70.88445677559496
70.30970477495622
69.4392610044478
69.41168775143566
69.27489238940605
69.10780522147924
69.07531799957877
68.50613073092636
67.6423481327156
67.05080349118076
66.94311167706499
66.73043988258533
65.8556731694459
65.71080575345012
65.52191444715325
65.36774441820842
65.25986172672603
64.98754308031624
64.89568322542138
64.79100870045453
64.73017623627233
64.65397994419665
64.63869390635071
64.61485501197603
64.3579203628902
64.32305599400976
64.08654859462496
63.98681616751119
63.75008116891633
63.484033411239466
63.13073548507095
62.76832101958872
62.60878989045176
62.11641236854407
61.68255481904126
61.62824720241537
61.54561777840736
61.04051379830081
60.67093644170838
60.07021365908521
60.054440170134
59.94269708675726
59.91628196045547
59.45752743194813
59.200168439721665
59.16169180871913
58.8901145975377
58.79374921773705
58.56522112402752
58.49662884151243
57.823597728849336
57.328041692903454
57.18758704583673
57.0585987590898
56.439034378804635
56.18216829640362
56.13982269462582
55.568573887238074
55.46267204000032
55.28183136612047
55.09800178210064
55.03345850221229
54.96327789352471
54.80990868372215
54.78888007105686
54.750741621691944
54.638607995255164
54.3851683606625
54.18547667757924
54.042996287724726
53.4349631900687
53.36859265768255
53.2137229401459
53.205285222690584
53.06383671312866
52.76747368017764
52.40404219800833
52.375032112656115
51.93763443979746
51.81365404147417
51.76928713940694
51.73221312566642
50.41138091479558
50.11161660033189
50.00336011463815
49.84180383902339
49.41184736538127
49.19272017574376
49.15901711891782
49.14006986997968
49.02463162019521
48.47345291124559
48.295898415300826
47.93085728282327
47.64176971294305
47.52117141011022
47.50362079174744
47.225117163534875
47.04496626449505
46.939464650426025
46.64847333488557
46.573185738935365
46.041997335943925
45.983878330071455
45.922987915088584
45.90092390905184
45.72878575544628
45.64744263414359
45.582202015491845
45.12244846467819
45.08732991123885
45.08453228161009
44.99323585435003
44.825823738224685
44.688243112293605
44.546850503429866
44.23506095451859
43.538904462589194
43.46982441508025
43.23498106858498
42.72536731076377
42.690756108880485
42.68504364461397
42.65937830192265
42.63161041137077
42.52819947142886
42.4841202840903
42.13774443042505
42.035357390840076
42.006717018939014
41.512937564058035
41.47530512909336
41.32088114471576
41.23470126471841
41.21113355070195
41.20799812178677
41.15343528444359
40.97084344960143
40.9442412461317
40.59662301792082
40.454955092561164
40.38886763338791
40.278198676694984
40.03896400855213
39.78262464641135
39.74772114510794
39.71897629588682
39.69706663586417
39.695287951815665
39.325377970278595
39.16040642118181
39.102197801320635
38.96270421324651
38.7322389889723
38.542931331562
38.39334108173071
38.12905697392314
37.90707560401451
37.20048075577165
36.93656577710984
36.84135070392073
36.784471662111564
36.7230621352367
36.6752838971744
36.609641570891654
36.60343509010523
36.302662186296786
35.97703857078594
35.908818422610764
35.792265455235075
35.659603422150774
35.58904792603139
35.58578986113602
35.409143722728274
35.376924598737645
35.22189538251159
35.011058572184545
34.324169993649214
34.28232538732263
34.25878099967956
34.13657007507498
34.12352452088414
34.057394639877906
33.94639716601925
33.86404535010911
33.85649514443513
33.774845403368985
33.72555005759
33.55101546875873
33.47453340751615
33.249700902813636
32.76455840615486
32.57384441063855
32.57243596940895
32.50215701742616
32.443320452343585
32.43886738398279
32.40359840789914
32.17302522149745
31.736672363884786
31.556693245400126
31.43307741051755
31.36175654232592
31.337521483781906
31.18684329263173
31.113842627149825
31.10518591965301
31.003390337438972
30.979975831043372
30.887153850360512
30.790173936903905
30.746898598236626
30.568372202936903
30.406196843307775
30.38675377921058
30.241560093231044
30.200807186502708
30.167549630682853
30.02761949799607
29.925108290960065
29.712465836176868
29.673087863134214
29.593131475487723
29.560680526803985
29.486991982963865
29.318058571697545
29.292857627590735
29.27375205588787
29.261082061938563
29.076475333442495
28.92814514831647
28.92651024465301
28.775735661765353
28.701364037998054
28.674347125612943
28.62532134075318
28.58295444405797
28.250377158748044
27.994497675264988
27.963562813177358
27.7607389577418
27.730686081728116
27.248203486314253
27.20015542247136
27.14111330330421
27.127263105324158
27.036228669924867
27.008147756337152
26.96256174548446
26.732297124510584
26.723386630212616
26.530459239635793
26.427879439758865
26.064728579816478
26.01128415348201
25.93014876820139
25.816182521763768
25.699437235755923
25.64027771185854
25.498830924405368
25.471884814465813
25.46962537254849
25.380541061693638
25.242718015504146
25.05813014898691
25.001353408970704
24.901170586639203
24.847793576954885
24.816787712123006
24.814382784700758
24.756307612582482
24.467778132145305
24.375283399992338
24.297256830287047
24.129525583950773
23.959036201771443
23.622995009935977
23.47935853532896
23.38998286420398
23.267343758372512
23.259690661835222
23.22678917868642
23.204707297047843
23.19801144020584
23.01744634359359
22.920897178811646
22.828673122534582
22.686874274529984
22.571902987299957
22.52598319067374
22.361250201070195
22.29877335502078
22.129850662426914
22.048747828653603
22.03526972487734
21.744602158422797
21.674047765856525
21.56809247225525
21.48578558755963
21.467702917179448
21.3643258962514
21.346455797581555
21.14634400713355
21.144039312130623
20.842975609018396
20.765443090220515
20.68639422048315
20.677126847797677
20.30782547160066
20.226525565712986
20.196201999190393
20.00865137504355
19.97637273776079
19.486059237361825
19.06205536436547
18.849901672248418
18.726397493565827
18.663166928524216
18.64053133016094
18.58682164951228
18.577958184865576
18.41055606273177
18.362228343360016
18.234980734182404
18.12154075085092
18.079137953083716
18.075528882365514
17.900844265074287
17.880337353701673
17.818612014175443
17.674152020389485
17.54500159579454
17.48050566623566
17.27840918658209
17.167663718162206
16.912955655025524
16.75654654489489
16.521380062608586
16.370674426590245
15.76663535772089
15.725727372105101
15.67366115832114
15.660147874143824
15.547637351806657
15.425591242992962
15.382761664572334
15.374127553468396
15.216906900220089
14.916297939254886
14.890616855069503
14.77813994112476
14.776161635278761
14.755022069217858
14.698558391966003
14.691079767203082
14.637452372414073
14.520521332561195
14.368037860659712
14.361288802455128
14.29709280179907
14.285391645917855
13.985151507438264
13.908027612312171
13.797434095213386
13.79714006137322
13.75521115314359
13.748264585050698
13.354664926922592
13.305336868206378
13.210451987477727
13.053931307665142
12.930516558015592
12.87318776336003
12.845207528356049
12.815342639885245
12.763119027595975
12.721007762088757
12.70604616845258
12.497001406247934
12.435309222620097
12.408124259105609
12.315403098373615
12.24857669837157
12.09163724980341
11.881303054489784
11.530613173459408
11.413540298919132
11.049342588663748
10.88949210992175
10.867525385956617
10.843409604983693
10.723883857824358
10.714799778498818
10.60665571073152
10.588431620932983
10.465965892880615
10.40184868464359
10.338650369267935
10.324647187728816
10.13603684744072
10.067480128171557
10.042161965336204
9.83327734513974
9.804297996040114
9.718755299716486
9.668154201501713
9.666721622365495
9.66453013650424
9.438943292525062
9.063362945619183
8.921272699756859
8.833372012938117
8.81330654422187
8.79159730257835
8.711272106474667
8.67571582763198
8.592594663608516
8.528967272939697
8.41622863848314
8.317461032545474
8.182336058604019
8.18005914686106
8.098185823602783
7.78627739392678
7.698010758210618
7.661078086143591
7.5417194675072565
7.0191622985367905
6.846662350677548
6.649189447702128
6.609980479156857
6.5003221418588675
6.440660354122381
6.183735887232153
5.621165761885511
5.617366990205385
5.503635461995987
5.227275031687697
5.063274493086852
5.015773080718763
4.3954031746218005
4.1773085097610405
4.033533946203202
3.459825666358404
3.4207925369012435
2.8865953549199572
2.533057282468078
2.4805517654674176
2.444571072095181
2.368280276091996
2.224486599512421
2.1841698532587843
1.79308804196841
1.638336566644302
1.1920649943643182
0.6983931000184568
0.6137473202964814
-2.329900945533113
-2.50209298685641
-3.7119169457726144
-5.14603022544417
-9.43683267799596
-11.949903183956412